0
A
-9 -3 4 -10 -1 -6 8 
8 -8 -6 -5 -5 -9 -3 
-9 1 5 -8 -3 6 1 
-6 -8 3 2 -8 -9 6 
8 5 -3 -4 1 8 -1 
2 -3 9 5 4 -7 1 
-8 3 3 -6 -9 1 3 
x
0 0 0 0 0 0 0 
b
-2 -3 -6 -8 7 7 9 
------------------------------------------------
1
A
2 -3 9 5 4 -7 1 
0 -16.5 44.5 12.5 17 -37.5 12.5 
0 0 14.7273 7.18182 -2.27273 -6.54545 0.181818 
0 0 1.77636e-15 11.8498 -15.9609 1.59259 -3.68313 
0 0 0 0 2.97309 8.24466 -4.33843 
0 0 -3.55271e-15 0 0 82.3164 -50.6059 
0 0 0 0 0 0 8.65117 
x
0.835496 2.77291 0.792238 -0.211471 -0.60103 -1.43758 -0.083999 
b
7 29.5 20.9091 5.107 -13.2749 -114.086 -0.726689 
------------------------------------------------
2
A
-7 -9 -1 8 6 5 0 -8 -2 
-4 -10 -8 -6 -2 -4 -5 0 -1 
0 0 -4 -9 3 -2 -1 -7 -6 
4 6 -10 -4 6 1 -2 -6 9 
-4 -7 7 8 8 -8 -1 -9 3 
5 9 8 -6 0 7 -4 3 -4 
-9 -5 -6 2 0 -1 7 3 7 
2 -4 0 -9 6 5 -3 5 4 
1 2 0 0 -9 -6 -4 0 -3 
x
0 0 0 0 0 0 0 0 0 
b
1 -3 7 7 -3 3 -7 -5 -1 
------------------------------------------------
3
A
4 6 -10 -4 6 1 -2 -6 9 
0 0.5 2.5 1 -10.5 -6.25 -3.5 1.5 -5.25 
0 0 2 -2 -80 -53 -35 6 -34 
0 0 0 47 1456 977 649 -91 606 
0 0 0 0 245.723 162.234 108.511 -20.1702 93.617 
0 0 0 0 0 6.82743 -4.88428 6.19378 4.42337 
0 0 0 0 0 0 5.36308 11.8038 18.1021 
0 0 0 0 0 0 0 44.4339 80.0483 
0 0 0 0 0 0 0 0 10.391 
x
-0.0980187 0.977919 -0.883273 0.540986 1.12948 -0.358185 -0.456438 0.412971 -1.11089 
b
7 -2.75 -18 313 57.5745 -2.57213 -17.6827 -70.5747 -11.5432 
------------------------------------------------
